# Created by Octave 3.8.2, Sat May 30 17:29:48 2015 CEST <erdem@edair.local>
# name: par
# type: cell
# rows: 1
# columns: 3
# name: <cell-element>
# type: matrix
# rows: 10
# columns: 1
 -0.004421837013796541
 0.9257388086287104
 -0.001616596815625714
 -0.005490515092835109
 0.001425408726137392
 0.005957923769124436
 -0.002454187748672385
 -0.0001128568657547553
 -0.0006882346600855142
 0.0001710439313281242



# name: <cell-element>
# type: matrix
# rows: 10
# columns: 1
 -0.001932195044077059
 -0.0006933011166697046
 0.001120808321780222
 0.4606885101270642
 0.0002632776654277442
 -0.002010690708599076
 0.0002611650418488805
 1.189986942982883e-05
 -0.0006782350593362851
 -0.0004636701067846176



# name: <cell-element>
# type: matrix
# rows: 10
# columns: 1
 -0.001414879735515239
 -0.000558722377567179
 0.9982790159835491
 0.0003870245198546996
 3.036975740335028e-05
 0.0007658169006549743
 -5.889396158871126e-05
 1.512161122311076e-05
 0.00162164485013344
 -9.052921815516401e-07





